1            158
2            155
3            149
4            156
5            157
6            177
7            156
8            139
9            153
10            142
11            141
12            139
13            140
14            158
15            138
16            156
17            148
18            145
19            130
20            139
21            136
22            128
23            148
24            143
25            135
26            160
27            138
28            149
29            138
30            150
31            162
32            139
33            174
34            148
35            157
36            165
37            152
38            146
39            156
40            143
41            148
42            145
43            141
44            149
45            160
46            138
47            134
48            126
49            138
50            154
51            142
52            160
53            134
54            169
55            145
56            155
57            147
58            163
59            153
60            134
61            148
62            156
63            142
64            138
65            137
66            155
67            144
68            166
69            139
70            169
71            138
72            149
73            149
74            146
75            162
76            157
77            133
78            155
79            152
80            135
81            148
82            153
83            128
84            160
85            167
86            153
87            151
88            151
89            160
90            134
91            156
92            150
93            156
94            140
95            166
96            155
97            165
98            145
99            153
100            166
101            171
102            156
103            141
104            152
105            134
106            151
107            142
108            158
109            148
110            141
111            167
112            155
113            161
114            144
115            154
116            149
117            168
118            165
119            149
120            158
121            146
122            144
123            155
124            137
125            146
126            144
127            143
128            169
129            156
130            156
131            163
132            157
133            152
134            166
135            154
136            139
137            150
138            157
139            180
140            155
141            147
142            139
143            159
144            156
145            143
146            165
147            150
148            150
149            147
150            160
151            170
152            151
153            136
154            155
155            156
156            158
157            148
158            146
159            155
160            175
161            171
162            133
163            142
164            168
165            139
166            160
167            151
168            127
169            158
170            150
171            139
172            143
173            144
174            156
175            131
176            145
177            129
178            136
179            161
180            151
181            147
182            139
183            162
184            130
185            148
186            176
187            157
188            167
189            173
190            137
191            151
192            152
193            153
194            146
195            156
196            158
197            140
198            146
199            154
200            169
201            163
202            152
203            156
204            142
205            162
206            132
207            155
208            126
209            139
210            153
211            164
212            152
213            165
214            153
215            157
216            180
217            147
218            143
219            134
220            140
221            137
222            158
223            147
224            165
225            150
226            156
227            161
228            165
229            156
230            148
231            139
232            143
233            118
234            157
235            128
236            160
237            161
238            151
239            168
240            136
241            147
242            132
243            157
244            128
245            147
246            122
247            147
248            146
249            147
250            154
251            144
252            116
253            141
254            143
255            142
256            134
257            168
258            170
259            128
260            148
261            145
262            156
263            141
264            151
265            163
266            166
267            156
268            152
269            148
270            160
271            171
272            146
273            142
274            136
275            136
276            164
277            160
278            138
279            178
280            164
281            148
282            133
283            153
284            137
285            123
286            142
287            150
288            119
289            145
290            151
291            145
292            165
293            134
294            154
295            156
296            149
297            158
298            144
299            152
300            154
301            167
302            149
303            142
304            145
305            161
306            152
307            157
308            154
309            136
310            163
311            162
312            163
313            151
314            153
315            126
316            159
317            166
318            134
319            143
320            163
321            147
322            149
323            140
324            144
325            147
326            153
327            139
328            140
329            140
330            149
331            171
332            170
333            175
334            148
335            158
336            146
337            147
338            131
339            167
340            132
341            153
342            146
343            146
344            157
345            145
346            126
347            160
348            148
349            171
350            143
351            146
352            118
353            142
354            161
355            161
356            142
357            142
358            160
359            173
360            167
361            146
362            140
363            144
364            149
365            152
366            134
367            165
368            187
369            165
370            166
371            145
372            152
373            160
374            141
375            156
376            146
377            162
378            162
379            152
380            168
381            144
382            153
383            150
384            155
385            131
386            140
387            156
388            147
389            155
390            152
391            132
392            164
393            153
394            136
395            161
396            132
397            157
398            151
399            137
400            142
401            145
402            158
403            151
404            147
405            143
406            137
407            145
408            148
409            148
410            161
411            154
412            149
413            143
414            145
415            147
416            128
417            131
418            157
419            148
420            147
421            156
422            142
423            142
424            160
425            157
426            147
427            151
428            152
429            156
430            148
431            131
432            157
433            160
434            120
435            130
436            136
437            130
438            137
439            155
440            169
441            146
442            145
443            142
444            157
445            146
446            143
447            157
448            178
449            121
450            149
451            132
452            150
453            155
454            147
455            142
456            150
457            149
458            157
459            149
460            156
461            153
462            129
463            144
464            130
465            153
466            160
467            168
468            176
469            184
470            139
471            135
472            170
473            157
474            166
475            168
476            139
477            147
478            162
479            142
480            145
481            142
482            165
483            139
484            144
485            147
486            140
487            133
488            148
489            137
490            167
491            149
492            161
493            166
494            139
495            151
496            138
497            137
498            148
499            161
500            165
501            50
502            51
503            44
504            58
505            44
506            43
507            59
508            61
509            49
510            52
511            43
512            54
513            46
514            43
515            49
516            45
517            41
518            51
519            49
520            43
521            50
522            53
523            44
524            60
525            69
526            40
527            47
528            48
529            36
530            37
531            39
532            37
533            61
534            59
535            36
536            42
537            52
538            47
539            43
540            40
541            52
542            47
543            46
544            53
545            61
546            47
547            47
548            53
549            52
550            53
551            47
552            42
553            54
554            54
555            50
556            56
557            45
558            46
559            46
560            57
561            51
562            44
563            51
564            48
565            41
566            58
567            48
568            39
569            57
570            53
571            63
572            50
573            47
574            46
575            39
576            54
577            66
578            58
579            49
580            47
581            42
582            53
583            36
584            43
585            50
586            49
587            44
588            51
589            45
590            58
591            57
592            38
593            58
594            44
595            42
596            43
597            58
598            47
599            59
600            43
601            64
602            51
603            55
604            47
605            54
606            52
607            56
608            47
609            51
610            57
611            49
612            54
613            45
614            48
615            55
616            54
617            45
618            47
619            42
620            61
621            51
622            50
623            55
624            56
625            50
626            44
627            48
628            69
629            50
630            31
631            55
632            45
633            45
634            51
635            40
636            46
637            50
638            66
639            46
640            49
641            47
642            46
643            37
644            55
645            53
646            46
647            56
648            42
649            57
650            56
651            49
652            37
653            55
654            44
655            48
656            56
657            58
658            52
659            54
660            58
661            54
662            48
663            53
664            57
665            53
666            40
667            39
668            46
669            45
670            60
671            51
672            57
673            54
674            66
675            55
676            62
677            55
678            45
679            52
680            52
681            68
682            56
683            59
684            56
685            54
686            47
687            42
688            44
689            58
690            48
691            54
692            47
693            47
694            55
695            41
696            46
697            54
698            40
699            48
700            42
701            52
702            41
703            50
704            56
705            58
706            57
707            42
708            56
709            58
710            67
711            52
712            46
713            48
714            35
715            58
716            45
717            51
718            54
719            57
720            38
721            50
722            43
723            36
724            68
725            53
726            53
727            52
728            48
729            40
730            61
731            54
732            42
733            49
734            41
735            54
736            44
737            56
738            51
739            45
740            67
741            60
742            58
743            41
744            53
745            57
746            48
747            55
748            33
749            51
750            40
751            53
752            52
753            53
754            54
755            47
756            50
757            47
758            45
759            47
760            44
761            54
762            56
763            43
764            46
765            45
766            51
767            45
768            44
769            50
770            53
771            52
772            50
773            59
774            68
775            51
776            53
777            45
778            44
779            41
780            42
781            43
782            51
783            39
784            41
785            70
786            55
787            56
788            56
789            52
790            50
791            61
792            55
793            43
794            57
795            45
796            58
797            52
798            46
799            49
800            43
801            52
802            42
803            43
804            49
805            69
806            44
807            37
808            54
809            53
810            46
811            56
812            47
813            41
814            63
815            47
816            62
817            47
818            47
819            43
820            53
821            45
822            48
823            63
824            54
825            43
826            49
827            49
828            61
829            53
830            53
831            38
832            57
833            37
834            54
835            50
836            60
837            42
838            40
839            48
840            51
841            41
842            49
843            60
844            49
845            45
846            48
847            62
848            52
849            49
850            56
851            44
852            55
853            51
854            60
855            52
856            63
857            48
858            50
859            53
860            47
861            67
862            40
863            52
864            55
865            45
866            46
867            37
868            47
869            62
870            60
871            41
872            51
873            47
874            51
875            51
876            55
877            51
878            52
879            38
880            44
881            35
882            56
883            61
884            47
885            43
886            50
887            46
888            58
889            42
890            41
891            44
892            58
893            45
894            54
895            56
896            49
897            51
898            45
899            52
900            44
901            52
902            51
903            57
904            56
905            56
906            59
907            34
908            58
909            51
910            51
911            54
912            43
913            60
914            43
915            51
916            48
917            55
918            54
919            46
920            57
921            54
922            59
923            41
924            50
925            50
926            48
927            48
928            53
929            51
930            48
931            52
932            46
933            44
934            51
935            47
936            54
937            57
938            49
939            40
940            55
941            60
942            38
943            68
944            52
945            57
946            51
947            48
948            42
949            53
950            45
951            47
952            53
953            52
954            49
955            47
956            55
957            46
958            53
959            45
960            46
961            60
962            55
963            44
964            44
965            60
966            43
967            57
968            50
969            44
970            44
971            52
972            52
973            56
974            42
975            49
976            54
977            49
978            56
979            61
980            41
981            43
982            43
983            52
984            50
985            40
986            76
987            45
988            46
989            42
990            52
991            45
992            54
993            49
994            52
995            38
996            64
997            44
998            54
999            65
1000            58
